1 5 0.55
1 6 0.55
1 8 0.725
1 10 0.725
1 11 0.75
1 13 0.725
1 15 0.725
1 16 0.725
1 18 0.6
1 20 0.625
5 5 0.775
5 6 0.75
5 8 0.775
5 10 0.7
5 11 0.725
5 13 0.7
5 15 0.7
5 16 0.675
5 18 0.625
5 20 0.675
9 5 0.775
9 6 0.725
9 8 0.75
9 10 0.7
9 11 0.725
9 13 0.675
9 15 0.575
9 16 0.575
9 18 0.625
9 20 0.675
14 5 0.725
14 6 0.7
14 8 0.725
14 10 0.75
14 11 0.675
14 13 0.675
14 15 0.575
14 16 0.575
14 18 0.625
14 20 0.675
18 5 0.725
18 6 0.725
18 8 0.725
18 10 0.7
18 11 0.7
18 13 0.675
18 15 0.575
18 16 0.575
18 18 0.625
18 20 0.675
22 5 0.75
22 6 0.75
22 8 0.675
22 10 0.675
22 11 0.7
22 13 0.675
22 15 0.575
22 16 0.575
22 18 0.625
22 20 0.675
27 5 0.675
27 6 0.7
27 8 0.65
27 10 0.675
27 11 0.7
27 13 0.675
27 15 0.575
27 16 0.575
27 18 0.625
27 20 0.675
31 5 0.7
31 6 0.7
31 8 0.65
31 10 0.675
31 11 0.7
31 13 0.675
31 15 0.575
31 16 0.575
31 18 0.625
31 20 0.675
35 5 0.65
35 6 0.675
35 8 0.65
35 10 0.675
35 11 0.7
35 13 0.675
35 15 0.575
35 16 0.575
35 18 0.625
35 20 0.675
40 5 0.65
40 6 0.675
40 8 0.65
40 10 0.675
40 11 0.7
40 13 0.675
40 15 0.575
40 16 0.575
40 18 0.625
40 20 0.675
